<!DOCTYPE html>
<html lang="ko">
<head>
<title>MoGL Test Suite - Matrix.js</title>
<meta charset="utf-8"/>
<meta http-equiv="Content-Type" content="text/html; charset=UTF-8"/>
<meta name="format-detection" content="telephone=no"/>
<meta name="apple-mobile-web-app-capable" content="yes"/>
<meta name="apple-mobile-web-app-status-bar-style" content="black"/>
    <meta name="viewport" content="width=device-width, initial-scale=1.0, minimum-scale=1.0, maximum-scale=1.0, user-scalable=no, target-densitydpi=device-dpi"/>
<link rel="stylesheet" type="text/css" href="css.css" />
</head>
<body>
<img src="../src/ohno.png"/>
<div id="stage"></div>
<div id="result"></div>
<div id="test"></div>
<script src="lib/mogl.min.js"></script>
<script src="http://js.bsapi.co/test/"></script>
<script>
var matrix;
bsTest('create, scale, rotateX, rotateY, rotateZ, rotate',
    function(){
        return Matrix.str( matrix = Matrix.create() );
    }, 'Matrix(1, 0, 0, 0, 0, 1, 0, 0, 0, 0, 1, 0, 0, 0, 0, 1)',
    function(){
        matrix = Matrix.create();
        return Matrix.str( Matrix.scale( matrix, matrix, [1.5, 1.5, 1.5] ) );
    }, 'Matrix(1.5, 0, 0, 0, 0, 1.5, 0, 0, 0, 0, 1.5, 0, 0, 0, 0, 1)',
    function(){
        matrix = Matrix.create();
        return Matrix.str( Matrix.rotateX( matrix, matrix, 0.01 ) );
    }, 'Matrix(1, 0, 0, 0, 0, 0.9999499917030334, 0.009999833069741726, 0, 0, -0.009999833069741726, 0.9999499917030334, 0, 0, 0, 0, 1)',
    function(){
        matrix = Matrix.create();
        return Matrix.str( Matrix.rotateY( matrix, matrix, 0.01 ) );
    }, 'Matrix(0.9999499917030334, 0, -0.009999833069741726, 0, 0, 1, 0, 0, 0.009999833069741726, 0, 0.9999499917030334, 0, 0, 0, 0, 1)',
    function(){
        matrix = Matrix.create();
        return Matrix.str( Matrix.rotateZ( matrix, matrix, 0.01 ) );
    }, 'Matrix(0.9999499917030334, 0.009999833069741726, 0, 0, -0.009999833069741726, 0.9999499917030334, 0, 0, 0, 0, 1, 0, 0, 0, 0, 1)',
    function(){
        matrix = Matrix.create();
        return Matrix.str( Matrix.rotate( matrix, matrix, 0.01, [1, 1, 1] ) );
    }, 'Matrix(0.9999666810035706, 0.005790072958916426, -0.005756739992648363, 0, -0.005756739992648363, 0.9999666810035706, 0.005790072958916426, 0, 0.005790072958916426, -0.005756739992648363, 0.9999666810035706, 0, 0, 0, 0, 1)'
);

var matrix2;

bsTest('clone, copy, invert, translate, multiply, perspective, lookAt',
    function(){
        return Matrix.str( Matrix.clone( matrix ) );
    }, Matrix.str( matrix ),
    function(){
        return Matrix.str( Matrix.copy( Matrix.create(), matrix ) );
    }, Matrix.str( matrix ),
    function(){
        return Matrix.str( Matrix.invert( Matrix.create(), matrix ) );
    }, 'Matrix(0.9999666810035706, -0.005756739526987076, 0.005790072958916426, 0, 0.005790072958916426, 0.9999666810035706, -0.005756739526987076, 0, -0.005756739526987076, 0.005790072958916426, 0.9999666810035706, 0, 0, 0, 0, 1)',
    function(){
        matrix2 = Matrix.create();
        return Matrix.str( Matrix.translate( matrix2, matrix2, [0.01, 0.01, 0.01] ) );
    }, 'Matrix(1, 0, 0, 0, 0, 1, 0, 0, 0, 0, 1, 0, 0.009999999776482582, 0.009999999776482582, 0.009999999776482582, 1)',
    function(){
        return Matrix.str( Matrix.multiply( matrix, matrix, matrix2 ) );
    }, 'Matrix(0.9999666810035706, 0.005790072958916426, -0.005756739992648363, 0, -0.005756739992648363, 0.9999666810035706, 0.005790072958916426, 0, 0.005790072958916426, -0.005756739992648363, 0.9999666810035706, 0, 0.009999999776482582, 0.009999999776482582, 0.009999999776482582, 1)',
    function(){
        return Matrix.str( Matrix.perspective( 45, 1024 / 768, 0.1, 1000, matrix ) );
    }, 'Matrix(1.8106601238250732, 0, 0, 0, 0, 2.4142136573791504, 0, 0, 0, 0, -1.0002000331878662, -1, 0, 0, -0.20002000033855438, 0)',
    function(){
        return Matrix.str( Matrix.lookAt( matrix, [0, 0, -5], [0, 0, 0], [0, 0, 0] ) );
    }, 'Matrix(0, 0, 0, 0, 0, 0, 0, 0, 0, 0, -1, 0, 0, 0, -5, 1)'
);
</script>
</body>
</html>
